
Circuit: mynetlist

Doing analysis at TEMP = 27.000000 and TNOM = 27.000000


No. of Data Rows : 1
v(1) = 0.000000e+00
v(2) = 0.000000e+00
v(3) = 1.343874e-01
v(4) = 1.000000e+00
i(vt4) = -3.40142e-02
