
Circuit: mynetlist

Doing analysis at TEMP = 27.000000 and TNOM = 27.000000


No. of Data Rows : 1
i(vt6) = -6.00000e-03
v(1) = 4.000000e-01
v(2) = 2.000000e-01
v(3) = 1.000000e-01
v(5) = 1.000000e-01
v(6) = 1.000000e+00
